120
431
422
307
367
443
155
246
317
297
535
322
353
329
572
592
308
501
370
554
289
414
580
262
494
555
251
593
576
167
373
179
426
334
171
405
142
450
151
104
478
118
470
443
496
375
362
123
122
110
134
268
339
140
103
162
540
209
177
224
293
351
553
126
318
334
120
109
119
567
376
139
238
387
504
545
175
513
290
234
262
323
515
322
462
493
276
568
306
444
592
150
513
143
349
292
521
305
231
164
302
455
506
128
346
338
304
462
177
212
575
116
125
121
375
401
206
525
400
133
191
197
192
474
521
305
316
113
229
315
352
590
349
548
315
336
357
100
320
224
411
245
199
354
314
404
346
186
115
523
327
502
302
564
253
529
330
336
118
537
467
468
324
132
596
106
406
476
372
252
537
100
210
342
565
541
218
274
118
506
256
313
324
258
440
546
245
212
147
390
305
362
575
597
448
520
576
288
569
224
429
335
482
140
360
552
303
204
246
272
574
322
314
387
470
316
560
353
329
266
322
421
398
290
290
151
225
233
327
238
410
486
526
572
466
384
586
308
459
383
317
479
545
301
308
442
437
169
467
425
349
532
593
192
474
504
326
268
257
583
482
427
363
241
579
197
502
312
354
560
136
194
373
456
441
211
456
255
289
258
166
103
492
148
171
414
431
455
471
563
594
117
380
518
556
549
457
522
337
423
361
419
118
519
261
526
406
478
564
277
530
229
127
421
174
239
600
195
158
333
245
567
491
578
107
428
543
481
391
398
404
524
521
164
597
459
114
254
178
465
324
589
562
368
275
160
292
599
274
453
505
381
408
170
366
432
181
384
539
231
199
209
260
243
187
252
129
379
103
544
309
305
309
370
484
565
336
402
145
344
573
114
576
211
480
373
498
178
465
432
305
324
257
459
555
132
570
486
111
382
122
198
499
213
284
491
455
421
337
154
275
199
316
337
446
572
294
297
539
175
244
401
209
554
119
413
550
559
178
234
438
389
584
501
551
583
191
464
217
502
386
125
373
577
595
175
444
473
510
375
465
522
335
305
226
398
397
398
121
393
158
573
161
280
220
547
471
261
569
213
350
146
197
495
357
207
393
514
394
566
406
530
501
576
531
592
486
311
195
427
123
425
575
379
121
419
109
553
556
506
396
315
373
584
318
512
204
185
179
199
314
237
528
355
103
221
206
389
567
404
549
357
150
435
507
454
217
489
569
216
357
569
436
380
350
600
146
283
426
364
236
535
242
126
333
353
503
131
214
515
175
588
578
591
119
242
108
183
231
446
281
563
576
546
481
366
178
434
585
251
457
493
318
182
314
552
552
113
486
406
349
337
265
300
372
440
410
579
571
360
317
535
493
416
287
296
585
438
300
577
113
156
166
507
343
111
399
199
170
218
591
308
572
444
420
199
454
108
494
330
570
326
210
274
485
504
563
377
505
494
355
182
420
522
141
488
392
208
228
482
511
500
359
232
446
403
164
580
518
324
572
428
226
116
396
116
354
289
133
135
573
135
511
484
141
176
165
458
272
234
448
336
523
551
114
136
596
492
219
532
404
386
407
570
342
370
102
496
189
273
276
432
399
268
450
404
135
416
126
386
188
579
571
569
256
251
341
504
239
201
369
319
223
426
405
539
492
275
350
217
579
313
505
224
393
359
476
463
250
187
537
170
453
373
336
117
257
464
106
273
153
161
226
557
343
265
112
202
384
343
283
141
276
137
206
139
317
152
337
546
514
259
308
218
361
381
292
177
155
318
147
181
204
278
380
128
186
493
595
101
285
318
165
213
442
414
414
210
275
399
419
329
279
428
355
484
347
274
116
325
473
396
152
439
297
370
114
128
355
162
317
459
436
585
217
533
151
468
274
357
167
556
203
214
469
450
572
229
450
368
157
564
102
272
109
561
520
484
524
202
163
529
560
566
166
220
410
219
128
479
224
289
422
133
286
125
543
143
421
277
237
395
233
366
403
290
433
226
215
382
569
338
524
430
434
527
169
140
215
391
156
278
267
165
204
376
494
165
414
287
485
356
283
572
263
368
589
191
573
560
563
552
509
434
160
304
182
582
239
364
527
131
175
539
592
267
408
152
283
149
178
181
154
368
421
236
172
480
394
495
566
209
132
293
256
318
509
562
193
187
569
233
549
545
234
117
307
157
465
453
427
340
191
143
287
108
365
278
195
569
393
354
598
137
515
304
189
221
366
159
206
232
315
241
494
237
572
480
115
580
366
220
583
437
120
305
167
209
429
572
143
484
581
310
313
578
144
415
569
125
574
366
530
422
133
200
187
244
330
148
177
226
241
432
157
311
139
170
160
549
297
469
117
183
549
534
412
439
215
464
246
176
395
113
241
432
539
183
309
574
267
565
485
100
447
503
513
599
391
176
296
487
537
198
368
350
141
186
229
392
369
594
564
579
108
332
460
154
256
253
540
198
327
359
253
174
154
192
272
176
204
411
178
471
405
429
352
394
541
110
421
454
427
580
149
166
538
371
532
301
504
211
500
450
291
545
543
181
402
520
243
379
543
493
397
345
335
282
414
117
167
481
245
586
541
256
215
222
260
530
436
511
543
281
340
215
443
315
452
577
411
171
420
237
434
162
456
141
310
323
301
397
512
549
159
419
565
420
391
302
200
369
492
